                                        
   0 701 599 102 899 132 454 691 125 192
                                        
  11   4  81 288   0 218 459 318 812  46
                                        
 452 917 166 681 110   0 191 345 313 282
                                        
 794 625 406 449 172 366   0  39 470 127
                                        
 625 440 201 117 175 618 756  50   0 574
                                        
 632 850   0 157 574 474 526 130 831 793
                                        
 541  97   0  29 664 611 487 751 738 337
                                        
═286═412═289═══0══78═630═789═══0═199═249
                                        
 240   0 731 342 294 412 927 926   0 158
                                        
 213 540 365 257   0 429 921 887 581   0
=================
                                        
   0 701 599 102 899 132 454 691 125 192
                                        
  11   4  81 288   0 218 459 318 812  46
                                        
 452 917 166 681 110   0 191 345 313 282
                                        
 794 625 406 449 172 366   0  39 470 127
                                        
 625 440 201 117 175 618 756  50   0 574
                                        
 632 850   0 157 574 474 526 130 831 793
                                        
 541  97   0  29 664 611 487 751 738 337
                                        
═286═412═289═══0══78═630═789═══0═199═249
                                        
═240═══0═731═342═294═412═927═926═══0═158
                                        
 213 540 365 257   0 429 921 887 581   0
=================
                                        
   0 701 599 102 899 132 454 691 125 192
                                        
  11   4  81 288   0 218 459 318 812  46
                                        
 452 917 166 681 110   0 191 345 313 282
                                        
 794 625 406 449 172 366   0  39 470 127
                                        
 625 440 201 117 175 618 756  50   0 574
                                        
 632 850   0 157 574 474 526 130 831 793
                                        
 541  97   0  29 664 611 487 751 738 337
                                        
═286═412═289═══0══78═630═789═══0═199═249
                                        
═240═══0═731═342═294═412═927═926═══0═158
                                        
═213═540═365═257═══0═429═921═887═581═══0
=================
         ║                              
   0 701 599 102 899 132 454 691 125 192
         ║                              
  11   4  81 288   0 218 459 318 812  46
         ║                              
 452 917 166 681 110   0 191 345 313 282
         ║                              
 794 625 406 449 172 366   0  39 470 127
         ║                              
 625 440 201 117 175 618 756  50   0 574
         ║                              
 632 850   0 157 574 474 526 130 831 793
         ║                              
 541  97   0  29 664 611 487 751 738 337
         ║                              
═286═412═289═══0══78═630═789═══0═199═249
         ║                              
═240═══0═731═342═294═412═927═926═══0═158
         ║                              
═213═540═365═257═══0═429═921═887═581═══0
=================
         ║                              
═══0═701═599═102═899═132═454═691═125═192
         ║                              
  11   4  81 288   0 218 459 318 812  46
         ║                              
 452 917 166 681 110   0 191 345 313 282
         ║                              
 794 625 406 449 172 366   0  39 470 127
         ║                              
 625 440 201 117 175 618 756  50   0 574
         ║                              
 632 850   0 157 574 474 526 130 831 793
         ║                              
 541  97   0  29 664 611 487 751 738 337
         ║                              
═286═412═289═══0══78═630═789═══0═199═249
         ║                              
═240═══0═731═342═294═412═927═926═══0═158
         ║                              
═213═540═365═257═══0═429═921═887═581═══0
=================
         ║                              
═══0═701═599═102═899═132═454═691═125═192
         ║                              
══11═══4══81═288═══0═218═459═318═812══46
         ║                              
 452 917 166 681 110   0 191 345 313 282
         ║                              
 794 625 406 449 172 366   0  39 470 127
         ║                              
 625 440 201 117 175 618 756  50   0 574
         ║                              
 632 850   0 157 574 474 526 130 831 793
         ║                              
 541  97   0  29 664 611 487 751 738 337
         ║                              
═286═412═289═══0══78═630═789═══0═199═249
         ║                              
═240═══0═731═342═294═412═927═926═══0═158
         ║                              
═213═540═365═257═══0═429═921═887═581═══0
=================
         ║                              
═══0═701═599═102═899═132═454═691═125═192
         ║                              
══11═══4══81═288═══0═218═459═318═812══46
         ║                              
═452═917═166═681═110═══0═191═345═313═282
         ║                              
 794 625 406 449 172 366   0  39 470 127
         ║                              
 625 440 201 117 175 618 756  50   0 574
         ║                              
 632 850   0 157 574 474 526 130 831 793
         ║                              
 541  97   0  29 664 611 487 751 738 337
         ║                              
═286═412═289═══0══78═630═789═══0═199═249
         ║                              
═240═══0═731═342═294═412═927═926═══0═158
         ║                              
═213═540═365═257═══0═429═921═887═581═══0
=================
         ║                              
═══0═701═599═102═899═132═454═691═125═192
         ║                              
══11═══4══81═288═══0═218═459═318═812══46
         ║                              
═452═917═166═681═110═══0═191═345═313═282
         ║                              
═794═625═406═449═172═366═══0══39═470═127
         ║                              
 625 440 201 117 175 618 756  50   0 574
         ║                              
 632 850   0 157 574 474 526 130 831 793
         ║                              
 541  97   0  29 664 611 487 751 738 337
         ║                              
═286═412═289═══0══78═630═789═══0═199═249
         ║                              
═240═══0═731═342═294═412═927═926═══0═158
         ║                              
═213═540═365═257═══0═429═921═887═581═══0
=================
         ║                              
═══0═701═599═102═899═132═454═691═125═192
         ║                              
══11═══4══81═288═══0═218═459═318═812══46
         ║                              
═452═917═166═681═110═══0═191═345═313═282
         ║                              
═794═625═406═449═172═366═══0══39═470═127
         ║                              
═625═440═201═117═175═618═756══50═══0═574
         ║                              
 632 850   0 157 574 474 526 130 831 793
         ║                              
 541  97   0  29 664 611 487 751 738 337
         ║                              
═286═412═289═══0══78═630═789═══0═199═249
         ║                              
═240═══0═731═342═294═412═927═926═══0═158
         ║                              
═213═540═365═257═══0═429═921═887═581═══0
=================
num_lines: 9         ║                              
═══0═701═628═102═899═132═454═691═125═192
         ║                              
══11═══4═110═288═══0═218═459═318═812══46
         ║                              
═452═917═195═681═110═══0═191═345═313═282
         ║                              
═794═625═435═449═172═366═══0══39═470═127
         ║                              
═625═440═230═117═175═618═756══50═══0═574
         ║                              
 603 821   0 128 545 445 497 101 802 764
         ║                              
 512  68   0   0 635 582 458 722 709 308
         ║                              
═286═412═318═══0══78═630═789═══0═199═249
         ║                              
═240═══0═760═342═294═412═927═926═══0═158
         ║                              
═213═540═394═257═══0═429═921═887═581═══0
                                        
   0 701 628 102 899 132 454 691 125 192
                                        
  11   4 110 288   0 218 459 318 812  46
                                        
 452 917 195 681 110   0 191 345 313 282
                                        
 794 625 435 449 172 366   0  39 470 127
                                        
 625 440 230 117 175 618 756  50   0 574
                                        
 603 821   0 128 545 445 497 101 802 764
                                        
═512══68═══0═══0═635═582═458═722═709═308
                                        
 286 412 318   0  78 630 789   0 199 249
                                        
 240   0 760 342 294 412 927 926   0 158
                                        
 213 540 394 257   0 429 921 887 581   0
=================
                                        
   0 701 628 102 899 132 454 691 125 192
                                        
  11   4 110 288   0 218 459 318 812  46
                                        
 452 917 195 681 110   0 191 345 313 282
                                        
 794 625 435 449 172 366   0  39 470 127
                                        
 625 440 230 117 175 618 756  50   0 574
                                        
 603 821   0 128 545 445 497 101 802 764
                                        
═512══68═══0═══0═635═582═458═722═709═308
                                        
═286═412═318═══0══78═630═789═══0═199═249
                                        
 240   0 760 342 294 412 927 926   0 158
                                        
 213 540 394 257   0 429 921 887 581   0
=================
                                        
   0 701 628 102 899 132 454 691 125 192
                                        
  11   4 110 288   0 218 459 318 812  46
                                        
 452 917 195 681 110   0 191 345 313 282
                                        
 794 625 435 449 172 366   0  39 470 127
                                        
 625 440 230 117 175 618 756  50   0 574
                                        
 603 821   0 128 545 445 497 101 802 764
                                        
═512══68═══0═══0═635═582═458═722═709═308
                                        
═286═412═318═══0══78═630═789═══0═199═249
                                        
═240═══0═760═342═294═412═927═926═══0═158
                                        
 213 540 394 257   0 429 921 887 581   0
=================
                                        
   0 701 628 102 899 132 454 691 125 192
                                        
  11   4 110 288   0 218 459 318 812  46
                                        
 452 917 195 681 110   0 191 345 313 282
                                        
 794 625 435 449 172 366   0  39 470 127
                                        
 625 440 230 117 175 618 756  50   0 574
                                        
 603 821   0 128 545 445 497 101 802 764
                                        
═512══68═══0═══0═635═582═458═722═709═308
                                        
═286═412═318═══0══78═630═789═══0═199═249
                                        
═240═══0═760═342═294═412═927═926═══0═158
                                        
═213═540═394═257═══0═429═921═887═581═══0
=================
                                        
═══0═701═628═102═899═132═454═691═125═192
                                        
  11   4 110 288   0 218 459 318 812  46
                                        
 452 917 195 681 110   0 191 345 313 282
                                        
 794 625 435 449 172 366   0  39 470 127
                                        
 625 440 230 117 175 618 756  50   0 574
                                        
 603 821   0 128 545 445 497 101 802 764
                                        
═512══68═══0═══0═635═582═458═722═709═308
                                        
═286═412═318═══0══78═630═789═══0═199═249
                                        
═240═══0═760═342═294═412═927═926═══0═158
                                        
═213═540═394═257═══0═429═921═887═581═══0
=================
                                        
═══0═701═628═102═899═132═454═691═125═192
                                        
══11═══4═110═288═══0═218═459═318═812══46
                                        
 452 917 195 681 110   0 191 345 313 282
                                        
 794 625 435 449 172 366   0  39 470 127
                                        
 625 440 230 117 175 618 756  50   0 574
                                        
 603 821   0 128 545 445 497 101 802 764
                                        
═512══68═══0═══0═635═582═458═722═709═308
                                        
═286═412═318═══0══78═630═789═══0═199═249
                                        
═240═══0═760═342═294═412═927═926═══0═158
                                        
═213═540═394═257═══0═429═921═887═581═══0
=================
                                        
═══0═701═628═102═899═132═454═691═125═192
                                        
══11═══4═110═288═══0═218═459═318═812══46
                                        
═452═917═195═681═110═══0═191═345═313═282
                                        
 794 625 435 449 172 366   0  39 470 127
                                        
 625 440 230 117 175 618 756  50   0 574
                                        
 603 821   0 128 545 445 497 101 802 764
                                        
═512══68═══0═══0═635═582═458═722═709═308
                                        
═286═412═318═══0══78═630═789═══0═199═249
                                        
═240═══0═760═342═294═412═927═926═══0═158
                                        
═213═540═394═257═══0═429═921═887═581═══0
=================
                                        
═══0═701═628═102═899═132═454═691═125═192
                                        
══11═══4═110═288═══0═218═459═318═812══46
                                        
═452═917═195═681═110═══0═191═345═313═282
                                        
═794═625═435═449═172═366═══0══39═470═127
                                        
 625 440 230 117 175 618 756  50   0 574
                                        
 603 821   0 128 545 445 497 101 802 764
                                        
═512══68═══0═══0═635═582═458═722═709═308
                                        
═286═412═318═══0══78═630═789═══0═199═249
                                        
═240═══0═760═342═294═412═927═926═══0═158
                                        
═213═540═394═257═══0═429═921═887═581═══0
=================
                                        
═══0═701═628═102═899═132═454═691═125═192
                                        
══11═══4═110═288═══0═218═459═318═812══46
                                        
═452═917═195═681═110═══0═191═345═313═282
                                        
═794═625═435═449═172═366═══0══39═470═127
                                        
═625═440═230═117═175═618═756══50═══0═574
                                        
 603 821   0 128 545 445 497 101 802 764
                                        
═512══68═══0═══0═635═582═458═722═709═308
                                        
═286═412═318═══0══78═630═789═══0═199═249
                                        
═240═══0═760═342═294═412═927═926═══0═158
                                        
═213═540═394═257═══0═429═921═887═581═══0
=================
                                        
═══0═701═628═102═899═132═454═691═125═192
                                        
══11═══4═110═288═══0═218═459═318═812══46
                                        
═452═917═195═681═110═══0═191═345═313═282
                                        
═794═625═435═449═172═366═══0══39═470═127
                                        
═625═440═230═117═175═618═756══50═══0═574
                                        
═603═821═══0═128═545═445═497═101═802═764
                                        
═512══68═══0═══0═635═582═458═722═709═308
                                        
═286═412═318═══0══78═630═789═══0═199═249
                                        
═240═══0═760═342═294═412═927═926═══0═158
                                        
═213═540═394═257═══0═429═921═887═581═══0
=================
num_lines: 10rows: 6, 7, 8, 9, 0, 1, 2, 3, 4, 5, 
cols: 
                                        
═══0═701═628═102═899═132═454═691═125═192
                                        
══11═══4═110═288═══0═218═459═318═812══46
                                        
═452═917═195═681═110═══0═191═345═313═282
                                        
═794═625═435═449═172═366═══0══39═470═127
                                        
═625═440═230═117═175═618═756══50═══0═574
                                        
═603═821═══0═128═545═445═497═101═802═764
                                        
═512══68═══0═══0═635═582═458═722═709═308
                                        
═286═412═318═══0══78═630═789═══0═199═249
                                        
═240═══0═760═342═294═412═927═926═══0═158
                                        
═213═540═394═257═══0═429═921═887═581═══0
with 10 lines
